theta = [35 45 60]'
v0 = [10 15 20 25 30]
tFlight = [1.2 1.71 2.26 3.15 3.42; 1.49 2.11 2.81 3.72 4.28; 1.85 2.69 3.42 4.45 5.24]

